
             [38;5;23m▄[38;5;234m▄[48;5;235;38;5;66m▄[48;5;23;38;5;66m▄[48;5;23;38;5;109m▄[48;5;235;38;5;31m▄[49;38;5;234m▄[38;5;23m▄[39m          [00m
          [38;5;23m▄[38;5;24m▄[48;5;234;38;5;246m▄[48;5;238;38;5;231m▄[48;5;145;38;5;231m▄[48;5;231m█[48;5;109;38;5;109m▄[48;5;249;38;5;109m▄[48;5;231;38;5;231m█[48;5;248m▄[48;5;237;38;5;255m▄[48;5;234;38;5;246m▄[48;5;23;38;5;24m▄[49;38;5;23m▄[39m       [00m
      [38;5;23m▄[38;5;23m▄[48;5;23;38;5;24m▄[48;5;23;38;5;67m▄[48;5;235;38;5;67m▄[48;5;102;38;5;67m▄[48;5;231;38;5;60m▄[38;5;250m▄[38;5;231m██[48;5;109;38;5;109m▄[48;5;109;38;5;109m▄[48;5;231;38;5;231m██[38;5;249m▄[38;5;239m▄[48;5;66;38;5;24m▄[48;5;235;38;5;67m▄[48;5;23;38;5;67m▄[48;5;23;38;5;24m▄[49;38;5;23m▄[38;5;23m▄[39m   [00m
   [38;5;23m▄[38;5;23m▄[48;5;23;38;5;67m▄[48;5;23;38;5;74m▄[48;5;67;38;5;74m▄[48;5;74;38;5;74m▄[48;5;74;38;5;31m▄[48;5;67;38;5;67m▄[48;5;81;38;5;74m▄[48;5;67;38;5;74m▄[48;5;23;38;5;74m▄[48;5;66;38;5;24m▄[48;5;255;38;5;67m▄[48;5;109;38;5;67m▄[48;5;250;38;5;67m▄[48;5;254;38;5;24m▄[48;5;60;38;5;24m▄[48;5;23;38;5;74m▄[48;5;67;38;5;74m▄[48;5;81;38;5;74m▄[48;5;67;38;5;24m▄[48;5;74;38;5;31m▄[48;5;74;38;5;74m▄[48;5;67;38;5;74m▄[48;5;23;38;5;74m▄[48;5;23;38;5;67m▄[49;38;5;23m▄[38;5;23m▄[39m[00m
   [48;5;23;38;5;24m▄[48;5;24;38;5;31m▄[48;5;74;38;5;24m▄[48;5;81;38;5;67m▄[48;5;74;38;5;74m▄[48;5;74;38;5;81m▄[48;5;31;38;5;31m▄[48;5;67;38;5;24m▄[48;5;74;38;5;74m▄[48;5;74;38;5;74m▄[48;5;74;38;5;31m▄[48;5;81;38;5;24m▄[48;5;67;38;5;67m▄[48;5;234;38;5;67m▄[48;5;234;38;5;67m▄[48;5;67;38;5;67m▄[48;5;81;38;5;24m▄[48;5;74;38;5;31m▄[48;5;74;38;5;74m▄[48;5;74;38;5;74m▄[48;5;24;38;5;24m▄[48;5;31;38;5;31m▄[48;5;74;38;5;81m▄[48;5;74;38;5;74m▄[48;5;81;38;5;24m▄[48;5;74;38;5;24m▄[48;5;23;38;5;31m▄[48;5;23;38;5;24m▄[49;39m[00m
   [48;5;24;38;5;24m▄[48;5;74;38;5;74m▄[48;5;74;38;5;74m▄[48;5;24;38;5;74m▄[48;5;24;38;5;31m▄[48;5;31;38;5;67m▄[48;5;31;38;5;24m▄[48;5;67;38;5;24m▄[48;5;74;38;5;24m▄[48;5;24;38;5;67m▄[48;5;24;38;5;74m▄[48;5;31;38;5;74m▄[48;5;81;38;5;74m▄[48;5;67;38;5;67m▄[48;5;67;38;5;67m▄[48;5;81;38;5;74m▄[48;5;67;38;5;74m▄[48;5;24;38;5;74m▄[48;5;24;38;5;67m▄[48;5;74;38;5;24m▄[48;5;67;38;5;24m▄[48;5;31;38;5;24m▄[48;5;31;38;5;67m▄[48;5;23;38;5;31m▄[48;5;24;38;5;74m▄[48;5;74;38;5;74m▄[48;5;81;38;5;74m▄[48;5;24;38;5;24m▄[49;39m[00m
   [48;5;24;38;5;24m▄[48;5;74;38;5;74m▄[48;5;74;38;5;81m▄[48;5;74;38;5;31m▄[48;5;81;38;5;24m▄[48;5;67;38;5;24m▄[48;5;23;38;5;67m▄[48;5;236;38;5;109m▄[48;5;24;38;5;250m▄[48;5;39;38;5;24m▄[48;5;81;38;5;24m▄[48;5;74;38;5;74m▄[48;5;74;38;5;81m▄[48;5;67;38;5;67m█[48;5;67;38;5;67m▄[48;5;74;38;5;81m▄[48;5;74;38;5;74m▄[48;5;81;38;5;24m▄[48;5;39;38;5;24m▄[48;5;24;38;5;250m▄[48;5;236;38;5;66m▄[48;5;23;38;5;67m▄[48;5;31;38;5;24m▄[48;5;81;38;5;24m▄[48;5;74;38;5;31m▄[48;5;74;38;5;81m▄[48;5;74;38;5;74m▄[48;5;24;38;5;24m▄[49;39m[00m
   [48;5;24;38;5;23m▄[48;5;74;38;5;24m▄[48;5;24;38;5;67m▄[48;5;24;38;5;74m▄[48;5;67;38;5;74m▄[48;5;81;38;5;74m▄[48;5;67;38;5;67m▄[48;5;66;38;5;66m▄[48;5;231;38;5;231m█[48;5;255m▄[48;5;244m▄[48;5;24;38;5;254m▄[48;5;67;38;5;245m▄[48;5;67;38;5;23m▄[48;5;67;38;5;23m▄[48;5;67;38;5;245m▄[48;5;24;38;5;254m▄[48;5;244;38;5;231m▄[48;5;231m▄[48;5;231m█[48;5;66;38;5;31m▄[48;5;67;38;5;67m▄[48;5;81;38;5;74m▄[48;5;67;38;5;74m▄[48;5;24;38;5;74m▄[48;5;24;38;5;67m▄[48;5;74;38;5;24m▄[48;5;24;38;5;23m▄[49;39m[00m
   [48;5;23;38;5;24m▄[48;5;24;38;5;74m▄[48;5;31;38;5;24m▄[48;5;74;38;5;24m▄[48;5;74;38;5;31m▄[48;5;74;38;5;81m▄[48;5;67;38;5;67m▄[48;5;66;38;5;66m▄[48;5;231;38;5;231m█[38;5;231m▄[38;5;66m▄[48;5;255;38;5;24m▄[48;5;109;38;5;109m▄[48;5;237;38;5;109m▄[48;5;237;38;5;109m▄[48;5;109;38;5;109m▄[48;5;231;38;5;24m▄[48;5;231;38;5;245m▄[38;5;231m██[48;5;31;38;5;31m▄[48;5;67;38;5;67m▄[48;5;74;38;5;81m▄[48;5;74;38;5;31m▄[48;5;74;38;5;24m▄[48;5;31;38;5;24m▄[48;5;23;38;5;74m▄[48;5;23;38;5;24m▄[49;39m[00m
   [48;5;24;38;5;24m▄[48;5;74;38;5;74m▄[48;5;74;38;5;74m▄[48;5;67;38;5;74m▄[48;5;24;38;5;74m▄[48;5;67;38;5;67m▄[48;5;67;38;5;23m▄[48;5;109;38;5;236m▄[48;5;250;38;5;67m▄[48;5;24;38;5;253m▄[48;5;67;38;5;231m▄[48;5;254m▄[48;5;231m█[48;5;109;38;5;109m▄[48;5;109;38;5;109m▄[48;5;231;38;5;231m█[48;5;253m▄[48;5;67m▄[48;5;24;38;5;253m▄[48;5;250;38;5;67m▄[48;5;66;38;5;236m▄[48;5;67;38;5;23m▄[48;5;67;38;5;67m▄[48;5;23;38;5;74m▄[48;5;67;38;5;74m▄[48;5;74;38;5;74m▄[48;5;74;38;5;74m▄[48;5;24;38;5;24m▄[49;39m[00m
   [48;5;24;38;5;24m█[48;5;74;38;5;74m▄[48;5;74;38;5;74m▄[48;5;74;38;5;67m▄[48;5;74;38;5;23m▄[48;5;67;38;5;67m▄[48;5;23;38;5;67m▄[48;5;237;38;5;109m▄[48;5;31;38;5;251m▄[48;5;251;38;5;24m▄[48;5;231;38;5;60m▄[38;5;252m▄[38;5;231m█[48;5;109;38;5;109m▄[48;5;109;38;5;109m▄[48;5;231;38;5;231m█[38;5;251m▄[38;5;24m▄[48;5;249;38;5;24m▄[48;5;67;38;5;252m▄[48;5;237;38;5;109m▄[48;5;23;38;5;67m▄[48;5;67;38;5;67m▄[48;5;74;38;5;23m▄[48;5;74;38;5;67m▄[48;5;74;38;5;74m▄[48;5;74;38;5;74m▄[48;5;24;38;5;24m█[49;39m[00m
   [48;5;24;38;5;23m▄[48;5;31;38;5;24m▄[48;5;24;38;5;31m▄[48;5;24;38;5;81m▄[48;5;31;38;5;74m▄[48;5;81;38;5;74m▄[48;5;67;38;5;67m▄[48;5;66;38;5;66m▄[48;5;231;38;5;231m██[48;5;246m▄[48;5;238m▄[48;5;109;38;5;102m▄[48;5;109;38;5;234m▄[48;5;109;38;5;235m▄[48;5;66;38;5;109m▄[48;5;237;38;5;231m▄[48;5;246m▄[48;5;231m██[48;5;66;38;5;31m▄[48;5;67;38;5;67m▄[48;5;81;38;5;74m▄[48;5;31;38;5;74m▄[48;5;24;38;5;81m▄[48;5;24;38;5;31m▄[48;5;31;38;5;23m▄[48;5;24;38;5;23m▄[49;39m[00m
   [38;5;23m▀[48;5;24;38;5;23m▄[48;5;31;38;5;23m▄[48;5;74;38;5;24m▄[48;5;74;38;5;31m▄[48;5;74;38;5;81m▄[48;5;67;38;5;67m▄[48;5;66;38;5;66m▄[48;5;231;38;5;231m█[38;5;253m▄[38;5;67m▄[48;5;250;38;5;24m▄[48;5;109;38;5;251m▄[48;5;24;38;5;109m▄[48;5;24;38;5;109m▄[48;5;109;38;5;250m▄[48;5;252;38;5;24m▄[48;5;231;38;5;67m▄[38;5;254m▄[38;5;231m█[48;5;31;38;5;66m▄[48;5;67;38;5;67m▄[48;5;74;38;5;81m▄[48;5;74;38;5;31m▄[48;5;74;38;5;24m▄[48;5;31;38;5;23m▄[48;5;24;38;5;23m▄[49;38;5;23m▀[39m[00m
      [38;5;23m▀[38;5;23m▀[48;5;67;38;5;23m▄[48;5;67;38;5;23m▄[48;5;109;38;5;23m▄[48;5;109;38;5;66m▄[48;5;24;38;5;231m▄[48;5;245m▄[48;5;231m██[48;5;109;38;5;109m▄[48;5;109;38;5;109m▄[48;5;231;38;5;231m██[48;5;102m▄[48;5;24m▄[48;5;109;38;5;67m▄[48;5;66;38;5;23m▄[48;5;67;38;5;23m▄[48;5;67;38;5;23m▄[49;38;5;23m▀[38;5;23m▀[39m   [00m
          [38;5;23m▀[48;5;60;38;5;23m▄[48;5;250;38;5;234m▄[48;5;231;38;5;24m▄[38;5;251m▄[38;5;231m█[48;5;109;38;5;109m▄[48;5;109;38;5;109m▄[48;5;231;38;5;231m█[38;5;250m▄[38;5;24m▄[48;5;145;38;5;234m▄[48;5;24;38;5;23m▄[49;38;5;23m▀[39m       [00m
             [38;5;234m▀[38;5;235m▀[48;5;109;38;5;235m▄[48;5;109;38;5;23m▄[48;5;109;38;5;23m▄[48;5;66;38;5;235m▄[49;38;5;234m▀[38;5;235m▀[39m          [00m
                               [00m
